1.0 ,  10000 ,  3.084587812423706 ,  3.0845885276794434
2.0 ,  20000 ,  6.161903381347656 ,  3.077282428741455
3.0 ,  30000 ,  9.237861394882202 ,  3.0759289264678955
4.0 ,  40000 ,  12.310501337051392 ,  3.0726118087768555
5.0 ,  50000 ,  15.38632607460022 ,  3.0757954120635986
6.0 ,  60000 ,  18.456300973892212 ,  3.0699477195739746
7.0 ,  70000 ,  21.532671451568604 ,  3.0763421058654785
8.0 ,  80000 ,  24.60680866241455 ,  3.0741071701049805
9.0 ,  90000 ,  27.68273377418518 ,  3.075897455215454
10.0 ,  100000 ,  30.765655040740967 ,  3.082894802093506
11.0 ,  110000 ,  33.842172622680664 ,  3.0764920711517334
12.0 ,  120000 ,  36.92314052581787 ,  3.0809404850006104
13.0 ,  130000 ,  40.00502848625183 ,  3.081862211227417
14.0 ,  140000 ,  43.0749397277832 ,  3.0698845386505127
15.0 ,  150000 ,  46.14555835723877 ,  3.0705926418304443
16.0 ,  160000 ,  49.21423530578613 ,  3.0686497688293457
17.0 ,  170000 ,  52.281455516815186 ,  3.0671918392181396
18.0 ,  180000 ,  55.35228776931763 ,  3.070805072784424
19.0 ,  190000 ,  58.41751670837402 ,  3.0652029514312744
20.0 ,  200000 ,  61.48714780807495 ,  3.069603443145752
21.0 ,  210000 ,  64.55470776557922 ,  3.067532539367676
22.0 ,  220000 ,  67.62167549133301 ,  3.0669424533843994
23.0 ,  230000 ,  70.69321632385254 ,  3.0715134143829346
24.0 ,  240000 ,  73.75859093666077 ,  3.0653467178344727
25.0 ,  250000 ,  76.83211731910706 ,  3.073497772216797
26.0 ,  260000 ,  79.90390396118164 ,  3.0717601776123047
27.0 ,  270000 ,  82.98909497261047 ,  3.0851635932922363
28.0 ,  280000 ,  86.08208680152893 ,  3.0929653644561768
29.0 ,  290000 ,  89.1734573841095 ,  3.091344118118286
30.0 ,  300000 ,  92.26214551925659 ,  3.0886619091033936
31.0 ,  310000 ,  95.35391092300415 ,  3.0917367935180664
32.0 ,  320000 ,  98.4446930885315 ,  3.090757131576538
33.0 ,  330000 ,  101.53613424301147 ,  3.0914134979248047
34.0 ,  340000 ,  104.62735295295715 ,  3.0911917686462402
35.0 ,  350000 ,  107.71989560127258 ,  3.0925142765045166
36.0 ,  360000 ,  110.81656455993652 ,  3.0966413021087646
37.0 ,  370000 ,  113.9096007347107 ,  3.093010425567627
38.0 ,  380000 ,  117.00798392295837 ,  3.098356246948242
39.0 ,  390000 ,  120.1065776348114 ,  3.098566770553589
40.0 ,  400000 ,  123.19923400878906 ,  3.0926311016082764
41.0 ,  410000 ,  126.2958173751831 ,  3.096555709838867
42.0 ,  420000 ,  129.3869504928589 ,  3.0911059379577637
43.0 ,  430000 ,  132.48148155212402 ,  3.09450364112854
44.0 ,  440000 ,  135.57710909843445 ,  3.0956003665924072
45.0 ,  450000 ,  138.66531562805176 ,  3.088179349899292
46.0 ,  460000 ,  141.76066875457764 ,  3.095327138900757
47.0 ,  470000 ,  144.85508489608765 ,  3.094388723373413
48.0 ,  480000 ,  147.94761848449707 ,  3.09250545501709
49.0 ,  490000 ,  151.04140400886536 ,  3.0937576293945312
50.0 ,  500000 ,  154.13335824012756 ,  3.0919270515441895
51.0 ,  510000 ,  157.22662234306335 ,  3.0932400226593018
52.0 ,  520000 ,  160.32003211975098 ,  3.093381643295288
53.0 ,  530000 ,  163.4169056415558 ,  3.09684681892395
54.0 ,  540000 ,  166.52160358428955 ,  3.1046700477600098
55.0 ,  550000 ,  169.6314663887024 ,  3.109835386276245
56.0 ,  560000 ,  172.73770332336426 ,  3.106208562850952
57.0 ,  570000 ,  175.84440088272095 ,  3.1066699028015137
58.0 ,  580000 ,  178.9524028301239 ,  3.1079728603363037
59.0 ,  590000 ,  182.06049418449402 ,  3.1080613136291504
60.0 ,  600000 ,  185.4630377292633 ,  3.4025166034698486
61.0 ,  610000 ,  188.56875586509705 ,  3.105689287185669
62.0 ,  620000 ,  191.68629956245422 ,  3.117515802383423
63.0 ,  630000 ,  194.79706168174744 ,  3.1107337474823
64.0 ,  640000 ,  197.90830540657043 ,  3.1112160682678223
65.0 ,  650000 ,  201.02179980278015 ,  3.1134631633758545
66.0 ,  660000 ,  204.12995171546936 ,  3.108124256134033
67.0 ,  670000 ,  207.30570125579834 ,  3.1757240295410156
68.0 ,  680000 ,  210.42623591423035 ,  3.120509147644043
69.0 ,  690000 ,  213.53947830200195 ,  3.1132140159606934
70.0 ,  700000 ,  216.65263438224792 ,  3.1131279468536377
71.0 ,  710000 ,  219.76476335525513 ,  3.1121017932891846
72.0 ,  720000 ,  222.8689410686493 ,  3.1041510105133057
73.0 ,  730000 ,  225.9815583229065 ,  3.1125898361206055
74.0 ,  740000 ,  229.08958840370178 ,  3.1080050468444824
75.0 ,  750000 ,  232.20945024490356 ,  3.1198337078094482
76.0 ,  760000 ,  235.3283269405365 ,  3.1188502311706543
77.0 ,  770000 ,  238.43530654907227 ,  3.106952428817749
78.0 ,  780000 ,  241.54952359199524 ,  3.1141903400421143
79.0 ,  790000 ,  244.66172814369202 ,  3.1121785640716553
80.0 ,  800000 ,  247.76911640167236 ,  3.107361316680908
81.0 ,  810000 ,  250.8787579536438 ,  3.109614133834839
82.0 ,  820000 ,  253.98507022857666 ,  3.1062870025634766
83.0 ,  830000 ,  257.0931239128113 ,  3.108027696609497
84.0 ,  840000 ,  260.2033905982971 ,  3.110239028930664
85.0 ,  850000 ,  263.31574296951294 ,  3.1123268604278564
86.0 ,  860000 ,  266.4297685623169 ,  3.1139984130859375
87.0 ,  870000 ,  269.53881216049194 ,  3.109018564224243
88.0 ,  880000 ,  272.6469223499298 ,  3.1080830097198486
89.0 ,  890000 ,  275.75996375083923 ,  3.1130154132843018
90.0 ,  900000 ,  278.8656964302063 ,  3.1057052612304688
91.0 ,  910000 ,  281.97762060165405 ,  3.111898899078369
92.0 ,  920000 ,  285.086722612381 ,  3.1090753078460693
93.0 ,  930000 ,  288.1943862438202 ,  3.1076369285583496
94.0 ,  940000 ,  291.30198884010315 ,  3.1075782775878906
95.0 ,  950000 ,  294.410035610199 ,  3.108020544052124
96.0 ,  960000 ,  297.5174415111542 ,  3.107379198074341
97.0 ,  970000 ,  300.6244556903839 ,  3.1069862842559814
98.0 ,  980000 ,  303.73057889938354 ,  3.106095552444458
99.0 ,  990000 ,  306.84011459350586 ,  3.1095075607299805
100.0 ,  1000000 ,  309.9477767944336 ,  3.107635736465454