1.0 ,  10000 ,  2.792351245880127 ,  2.7923519611358643
2.0 ,  20000 ,  5.574742078781128 ,  2.782358169555664
3.0 ,  30000 ,  8.349615812301636 ,  2.7748446464538574
4.0 ,  40000 ,  11.141935348510742 ,  2.792290210723877
5.0 ,  50000 ,  13.9406898021698 ,  2.7987258434295654
6.0 ,  60000 ,  16.736441612243652 ,  2.795722007751465
7.0 ,  70000 ,  19.526769399642944 ,  2.7902987003326416
8.0 ,  80000 ,  22.30834197998047 ,  2.781543731689453
9.0 ,  90000 ,  25.09707260131836 ,  2.7887027263641357
10.0 ,  100000 ,  27.882402181625366 ,  2.785301685333252
11.0 ,  110000 ,  30.6705060005188 ,  2.7880747318267822
12.0 ,  120000 ,  33.45767164230347 ,  2.7871389389038086
13.0 ,  130000 ,  36.245412826538086 ,  2.7877135276794434
14.0 ,  140000 ,  39.022305965423584 ,  2.7768657207489014
15.0 ,  150000 ,  41.79894709587097 ,  2.7766149044036865
16.0 ,  160000 ,  44.57543468475342 ,  2.7764601707458496
17.0 ,  170000 ,  47.35397291183472 ,  2.7785098552703857
18.0 ,  180000 ,  50.12761664390564 ,  2.773615598678589
19.0 ,  190000 ,  52.899096965789795 ,  2.7714529037475586
20.0 ,  200000 ,  55.67781591415405 ,  2.7786917686462402
21.0 ,  210000 ,  58.454055070877075 ,  2.776212215423584
22.0 ,  220000 ,  61.23360538482666 ,  2.7795212268829346
23.0 ,  230000 ,  64.01459288597107 ,  2.780959367752075
24.0 ,  240000 ,  66.79973697662354 ,  2.7851169109344482
25.0 ,  250000 ,  69.57882308959961 ,  2.7790565490722656
26.0 ,  260000 ,  72.35707449913025 ,  2.7782232761383057
27.0 ,  270000 ,  75.13263583183289 ,  2.7755355834960938
28.0 ,  280000 ,  77.90485763549805 ,  2.7721948623657227
29.0 ,  290000 ,  80.68001890182495 ,  2.775131940841675
30.0 ,  300000 ,  83.65441918373108 ,  2.9743707180023193
31.0 ,  310000 ,  86.45473408699036 ,  2.800285577774048
32.0 ,  320000 ,  89.23708605766296 ,  2.7823240756988525
33.0 ,  330000 ,  92.02049994468689 ,  2.783384323120117
34.0 ,  340000 ,  94.79995250701904 ,  2.7794251441955566
35.0 ,  350000 ,  97.58059763908386 ,  2.7806177139282227
36.0 ,  360000 ,  100.36827278137207 ,  2.7876431941986084
37.0 ,  370000 ,  103.14754390716553 ,  2.779242515563965
38.0 ,  380000 ,  105.92820334434509 ,  2.780632495880127
39.0 ,  390000 ,  108.70725798606873 ,  2.7790236473083496
40.0 ,  400000 ,  111.48554539680481 ,  2.7782576084136963
41.0 ,  410000 ,  114.26478791236877 ,  2.7792131900787354
42.0 ,  420000 ,  117.04718017578125 ,  2.782365560531616
43.0 ,  430000 ,  119.82469248771667 ,  2.777484655380249
44.0 ,  440000 ,  122.60262441635132 ,  2.777904510498047
45.0 ,  450000 ,  125.38965344429016 ,  2.7870004177093506
46.0 ,  460000 ,  128.1689476966858 ,  2.7792656421661377
47.0 ,  470000 ,  130.94785022735596 ,  2.7788727283477783
48.0 ,  480000 ,  133.72073984146118 ,  2.7728612422943115
49.0 ,  490000 ,  136.49978613853455 ,  2.7790181636810303
50.0 ,  500000 ,  139.2744767665863 ,  2.774661064147949
51.0 ,  510000 ,  142.04870676994324 ,  2.774202346801758
52.0 ,  520000 ,  144.82382225990295 ,  2.77508807182312
53.0 ,  530000 ,  147.5956199169159 ,  2.7717697620391846
54.0 ,  540000 ,  150.3650724887848 ,  2.7694218158721924
55.0 ,  550000 ,  153.1329789161682 ,  2.7678802013397217
56.0 ,  560000 ,  155.90713095664978 ,  2.774125099182129
57.0 ,  570000 ,  158.68730473518372 ,  2.7801432609558105
58.0 ,  580000 ,  161.46732258796692 ,  2.7799882888793945
59.0 ,  590000 ,  164.24428987503052 ,  2.7769415378570557
60.0 ,  600000 ,  167.02139282226562 ,  2.777073621749878
61.0 ,  610000 ,  169.80405068397522 ,  2.782627820968628
62.0 ,  620000 ,  172.58513283729553 ,  2.781053066253662
63.0 ,  630000 ,  175.37270212173462 ,  2.7875406742095947
64.0 ,  640000 ,  178.15698671340942 ,  2.7842557430267334
65.0 ,  650000 ,  180.93775629997253 ,  2.78074049949646
66.0 ,  660000 ,  183.70878791809082 ,  2.7710025310516357
67.0 ,  670000 ,  186.48269891738892 ,  2.773883581161499
68.0 ,  680000 ,  189.25668811798096 ,  2.773963451385498
69.0 ,  690000 ,  192.02668690681458 ,  2.7699713706970215
70.0 ,  700000 ,  194.80125761032104 ,  2.774540662765503
71.0 ,  710000 ,  197.57425546646118 ,  2.7729694843292236
72.0 ,  720000 ,  200.35182094573975 ,  2.7775371074676514
73.0 ,  730000 ,  203.12117266654968 ,  2.769321918487549
74.0 ,  740000 ,  205.89746284484863 ,  2.7762622833251953
75.0 ,  750000 ,  208.67111158370972 ,  2.773622989654541
76.0 ,  760000 ,  211.44852089881897 ,  2.777381420135498
77.0 ,  770000 ,  214.23069024085999 ,  2.7821412086486816
78.0 ,  780000 ,  217.01026010513306 ,  2.779540777206421
79.0 ,  790000 ,  219.78610372543335 ,  2.775813579559326
80.0 ,  800000 ,  222.5590009689331 ,  2.7728683948516846
81.0 ,  810000 ,  225.33471703529358 ,  2.7756869792938232
82.0 ,  820000 ,  228.10795545578003 ,  2.773212432861328
83.0 ,  830000 ,  230.8837206363678 ,  2.7757349014282227
84.0 ,  840000 ,  233.65751242637634 ,  2.7737600803375244
85.0 ,  850000 ,  236.4380543231964 ,  2.780513048171997
86.0 ,  860000 ,  239.21935153007507 ,  2.7812671661376953
87.0 ,  870000 ,  241.99435138702393 ,  2.7749698162078857
88.0 ,  880000 ,  244.7787160873413 ,  2.784335136413574
89.0 ,  890000 ,  247.5539767742157 ,  2.775231122970581
90.0 ,  900000 ,  250.32732486724854 ,  2.7733213901519775
91.0 ,  910000 ,  253.10944151878357 ,  2.782087802886963
92.0 ,  920000 ,  255.8953402042389 ,  2.7858705520629883
93.0 ,  930000 ,  258.6732859611511 ,  2.77791690826416
94.0 ,  940000 ,  261.4489622116089 ,  2.7756478786468506
95.0 ,  950000 ,  264.2347514629364 ,  2.7857611179351807
96.0 ,  960000 ,  267.01261377334595 ,  2.7778358459472656
97.0 ,  970000 ,  269.7929811477661 ,  2.780337333679199
98.0 ,  980000 ,  272.57288813591003 ,  2.7798779010772705
99.0 ,  990000 ,  275.35728454589844 ,  2.7843685150146484
100.0 ,  1000000 ,  278.14172649383545 ,  2.7844135761260986