1.0 ,  10000 ,  0.2536954879760742 ,  0.2536966800689697
2.0 ,  20000 ,  0.6907863616943359 ,  0.4370391368865967
3.0 ,  30000 ,  1.2977397441864014 ,  0.6069114208221436
4.0 ,  40000 ,  2.109989881515503 ,  0.8122105598449707
5.0 ,  50000 ,  3.2095890045166016 ,  1.0995593070983887
6.0 ,  60000 ,  4.478264093399048 ,  1.2686316967010498
7.0 ,  70000 ,  6.162479639053345 ,  1.684173345565796
8.0 ,  80000 ,  8.213593006134033 ,  2.0510716438293457
9.0 ,  90000 ,  10.266764640808105 ,  2.0531296730041504
10.0 ,  100000 ,  13.270923376083374 ,  3.0040974617004395
11.0 ,  110000 ,  16.225164890289307 ,  2.954197645187378
12.0 ,  120000 ,  19.91636562347412 ,  3.6911559104919434
13.0 ,  130000 ,  24.011794567108154 ,  4.095383167266846
14.0 ,  140000 ,  28.91343927383423 ,  4.901602029800415
15.0 ,  150000 ,  34.60068202018738 ,  5.687199115753174
16.0 ,  160000 ,  40.344303369522095 ,  5.743578910827637
17.0 ,  170000 ,  47.16439485549927 ,  6.820047855377197
18.0 ,  180000 ,  55.19907569885254 ,  8.034639835357666
19.0 ,  190000 ,  62.60192108154297 ,  7.4028000831604
20.0 ,  200000 ,  71.62437725067139 ,  9.02241325378418
21.0 ,  210000 ,  81.23295283317566 ,  9.608533143997192
22.0 ,  220000 ,  91.4237551689148 ,  10.190760135650635
23.0 ,  230000 ,  103.07411980628967 ,  11.65031909942627
24.0 ,  240000 ,  114.7125632762909 ,  11.638400554656982
25.0 ,  250000 ,  127.41517567634583 ,  12.702566623687744
26.0 ,  260000 ,  140.25421261787415 ,  12.8389892578125
27.0 ,  270000 ,  154.81661558151245 ,  14.562357664108276
28.0 ,  280000 ,  170.3738350868225 ,  15.55717420578003
29.0 ,  290000 ,  184.5621542930603 ,  14.188274383544922
30.0 ,  300000 ,  200.68838715553284 ,  16.12618851661682
31.0 ,  310000 ,  217.79178595542908 ,  17.10335421562195
32.0 ,  320000 ,  235.21107125282288 ,  17.419237852096558
33.0 ,  330000 ,  254.27225971221924 ,  19.061146020889282
34.0 ,  340000 ,  274.17700028419495 ,  19.904695749282837
35.0 ,  350000 ,  294.417329788208 ,  20.24028253555298
36.0 ,  360000 ,  314.13247084617615 ,  19.715089797973633
37.0 ,  370000 ,  336.0227680206299 ,  21.890252590179443
38.0 ,  380000 ,  359.32102036476135 ,  23.298207998275757
39.0 ,  390000 ,  383.5842671394348 ,  24.263200759887695
40.0 ,  400000 ,  406.2011733055115 ,  22.61686086654663
41.0 ,  410000 ,  428.10140228271484 ,  21.90018391609192
42.0 ,  420000 ,  452.82673740386963 ,  24.725286960601807
43.0 ,  430000 ,  478.6098301410675 ,  25.78304934501648
44.0 ,  440000 ,  506.89310812950134 ,  28.28322958946228
45.0 ,  450000 ,  535.8970468044281 ,  29.00389575958252
46.0 ,  460000 ,  561.9601209163666 ,  26.06302762031555
47.0 ,  470000 ,  592.9580292701721 ,  30.997863292694092
48.0 ,  480000 ,  625.4409849643707 ,  32.48290777206421
49.0 ,  490000 ,  656.0684380531311 ,  30.62740659713745
50.0 ,  500000 ,  687.2827756404877 ,  31.2142915725708
51.0 ,  510000 ,  722.8866548538208 ,  35.60383319854736
52.0 ,  520000 ,  754.2292284965515 ,  31.34252619743347
53.0 ,  530000 ,  786.4229502677917 ,  32.1936719417572
54.0 ,  540000 ,  825.5576748847961 ,  39.13467478752136
55.0 ,  550000 ,  859.0385522842407 ,  33.48082876205444
56.0 ,  560000 ,  895.631275177002 ,  36.59267711639404
57.0 ,  570000 ,  927.9078094959259 ,  32.27648854255676
58.0 ,  580000 ,  968.7211723327637 ,  40.81331419944763
59.0 ,  590000 ,  1010.5297298431396 ,  41.80851078033447
60.0 ,  600000 ,  1053.3639297485352 ,  42.83415174484253
61.0 ,  610000 ,  1097.4170892238617 ,  44.05311560630798
62.0 ,  620000 ,  1137.5751023292542 ,  40.157965898513794
63.0 ,  630000 ,  1183.1607353687286 ,  45.58558773994446
64.0 ,  640000 ,  1226.6807236671448 ,  43.5199408531189
65.0 ,  650000 ,  1273.2450988292694 ,  46.56433081626892
66.0 ,  660000 ,  1322.1471037864685 ,  48.90195894241333
67.0 ,  670000 ,  1370.0540883541107 ,  47.90693759918213
68.0 ,  680000 ,  1421.071469783783 ,  51.017334938049316
69.0 ,  690000 ,  1471.8428134918213 ,  50.77129650115967
70.0 ,  700000 ,  1523.5595259666443 ,  51.716665267944336
71.0 ,  710000 ,  1569.5575168132782 ,  45.9979465007782
72.0 ,  720000 ,  1617.6164095401764 ,  48.05883598327637
73.0 ,  730000 ,  1668.3660666942596 ,  50.74960732460022
74.0 ,  740000 ,  1719.2530431747437 ,  50.886929512023926
75.0 ,  750000 ,  1763.04487490654 ,  43.79178309440613
76.0 ,  760000 ,  1816.5604031085968 ,  53.515480041503906
77.0 ,  770000 ,  1872.5763745307922 ,  56.01592659950256
78.0 ,  780000 ,  1924.0340354442596 ,  51.457616329193115
79.0 ,  790000 ,  1979.8450031280518 ,  55.81091856956482
80.0 ,  800000 ,  2039.8541045188904 ,  60.009053230285645
81.0 ,  810000 ,  2099.4505381584167 ,  59.59638500213623
82.0 ,  820000 ,  2155.961063146591 ,  56.5104775428772
83.0 ,  830000 ,  2213.516589164734 ,  57.555476903915405
84.0 ,  840000 ,  2275.8576295375824 ,  62.34099268913269
85.0 ,  850000 ,  2335.524402141571 ,  59.66672396659851
86.0 ,  860000 ,  2393.4077570438385 ,  57.88331151008606
87.0 ,  870000 ,  2455.902391433716 ,  62.49458575248718
88.0 ,  880000 ,  2510.707771539688 ,  54.80532765388489
89.0 ,  890000 ,  2570.488401889801 ,  59.780580282211304
90.0 ,  900000 ,  2635.618155479431 ,  65.12970161437988
91.0 ,  910000 ,  2705.5050899982452 ,  69.88688492774963
92.0 ,  920000 ,  2772.089788913727 ,  66.58465576171875
93.0 ,  930000 ,  2839.4218168258667 ,  67.33197045326233
94.0 ,  940000 ,  2906.272736787796 ,  66.85087561607361
95.0 ,  950000 ,  2975.422470808029 ,  69.14968991279602
96.0 ,  960000 ,  3040.4528410434723 ,  65.03032040596008
97.0 ,  970000 ,  3112.8232231140137 ,  72.37032675743103
98.0 ,  980000 ,  3184.068559408188 ,  71.24528789520264
99.0 ,  990000 ,  3254.7719311714172 ,  70.70332384109497
100.0 ,  1000000 ,  3335.0917460918427 ,  80.31977343559265