3, 4, 6.67572021484375e-05
4, 41, 0.00027251243591308594
5, 768, 0.006958723068237305
6, 27449, 3.5113401412963867
7, 1000001, 1745.8370900154114
8, 1000001, 4818.622592926025
9, 1000001, 4354.090583562851
11, 1000001, 2992.807951450348
12, 1000001, 3197.1144835948944
13, 1000001, 2858.8873479366302
14, 1000001, 3396.3030111789703
15, 1000001, 3356.2052001953125
16, 1000001, 3458.7859132289886
17, 1000001, 1552.2730374336243
18, 1000001, 1138.1059906482697
19, 1000001, 1289.2520208358765
20, 1000001, 940.2473113536835
21, 1000001, 1004.4857079982758
22, 1000001, 955.5887560844421
23, 1000001, 874.4367353916168
24, 1000001, 461.36084032058716
25, 1000001, 598.8931851387024
26, 1000001, 646.2936546802521
27, 1000001, 596.5009400844574
28, 1000001, 596.612054347992
29, 1000001, 627.5344223976135
30, 1000001, 630.973935842514
31, 1000001, 669.5589413642883
32, 1000001, 613.1626098155975
33, 1000001, 1071.0729050636292
34, 1000001, 1052.5499482154846
35, 1000001, 1021.1329667568207
36, 1000001, 1017.7578012943268
37, 1000001, 991.3955018520355
38, 1000001, 1013.1473922729492
39, 1000001, 1070.0783956050873
40, 1000001, 1237.238336801529