3, 37, 0.0005414485931396484
4, 485, 0.008472204208374023
5, 10921, 0.9840147495269775
6, 404465, 2116.195140361786
7, 1000001, 1097.5023307800293
8, 1000001, 707.886102437973
9, 1000001, 596.2949678897858
10, 1000001, 583.8370244503021
11, 1000001, 551.0262820720673
12, 1000001, 539.514562368393
13, 1000001, 490.8428943157196
14, 1000001, 458.1587390899658
15, 1000001, 410.5544617176056
16, 1000001, 403.69571924209595
17, 1000001, 369.9028105735779
18, 1000001, 328.11632204055786
19, 1000001, 305.58091020584106
20, 1000001, 314.2029368877411
21, 1000001, 352.1510934829712
22, 1000001, 338.20675921440125
23, 1000001, 350.1271975040436
24, 1000001, 350.16123819351196
25, 1000001, 403.0420734882355
26, 1000001, 449.8601710796356
27, 1000001, 615.4199631214142
28, 1000001, 552.4258420467377
29, 1000001, 546.0826468467712
30, 1000001, 481.03061723709106
31, 1000001, 527.8505461215973
32, 1000001, 503.79817748069763
33, 1000001, 562.6599750518799
34, 1000001, 589.0669069290161
35, 1000001, 577.0703167915344
