3, 42, 0.0003266334533691406
4, 726, 0.007253170013427734
5, 18510, 1.9654450416564941
6, 745026, 4893.88366150856
7, 1000001, 568.5939819812775
8, 1000001, 461.9319522380829
9, 1000001, 454.4612581729889
10, 1000001, 851.2796576023102
11, 1000001, 445.57781052589417
12, 1000001, 345.81278824806213
13, 1000001, 371.68741250038147
14, 1000001, 320.7477316856384
15, 1000001, 292.36753392219543
16, 1000001, 306.4775354862213
17, 1000001, 240.03859281539917
18, 1000001, 217.90129017829895
19, 1000001, 155.15434956550598
20, 1000001, 145.8984353542328
21, 1000001, 127.56610989570618
22, 1000001, 273.9632601737976
23, 1000001, 296.4443564414978
24, 1000001, 261.5582227706909
25, 1000001, 263.19043588638306
26, 1000001, 277.0575017929077
27, 1000001, 202.86468172073364
28, 1000001, 208.72288036346436
29, 1000001, 176.45150709152222
30, 1000001, 174.5188193321228
31, 1000001, 329.49378395080566
32, 1000001, 342.7331576347351
33, 1000001, 374.46987533569336
34, 1000001, 390.011766910553
35, 1000001, 363.09148621559143
36, 1000001, 368.90639185905457
37, 1000001, 301.1712260246277
38, 1000001, 350.3485641479492
39, 1000001, 404.44379019737244