3 4 7.414817810058594e-05
4 41 0.00034356117248535156
5 768 0.00937795639038086
6 27449 4.4760894775390625
7 1000001 2116.069650888443
8 1000001 4902.393152713776
9 993808 3600.001280784607
10 1000001 3516.0221605300903

11 1000001 2959.2945322990417
12 1000001 2698.0963821411133
13 1000001 2497.443430185318
14 1000001 2434.280272960663
15 1000001 2333.781774520874
16 1000001 2063.9268667697906
17 1000001 846.580887556076
18 1000001 698.5715732574463
19 1000001 831.4209806919098
20 1000001 787.0524411201477
21 1000001 798.0651206970215
22 1000001 811.8007559776306
23 1000001 796.2050623893738
24 1000001 397.33186888694763
25 1000001 508.0834991931915
26 1000001 556.9294006824493
27 1000001 527.5906715393066
28 1000001 535.3413686752319
29 1000001 607.7764377593994
30 1000001 634.9107558727264