3, 8, 7.486343383789062e-05
4, 88, 0.0005621910095214844
5, 1616, 0.017172813415527344
6, 56448, 3.398606777191162
7, 831581, 6000.0023629665375
8, 839813, 6000.009054660797
9, 917203, 6000.002252578735
10, 924127, 6000.008521556854
11, 1000001, 4420.055732250214
12, 939456, 6000.007902622223
13, 1000001, 4754.3040561676025
14, 1000001, 1506.9999127388
15, 1000001, 1504.3514368534088
16, 1000001, 3483.2444529533386
17, 1000001, 3118.505917072296
18, 1000001, 993.516369342804
19, 1000001, 1166.670913696289
20, 1000001, 2153.9283883571625
21, 1000001, 2141.3374803066254
22, 1000001, 1096.7244036197662
23, 1000001, 816.9539654254913
24, 1000001, 1229.4550516605377
25, 1000001, 1454.7256953716278
26, 1000001, 1533.8599128723145
27, 1000001, 1382.4725670814514
28, 1000001, 776.3681592941284
29, 1000001, 767.4753694534302
30, 1000001, 617.154834985733
31, 1000001, 611.7463533878326
32, 1000001, 999.8753976821899
33, 1000001, 947.1439890861511
34, 1000001, 1097.2884192466736
35, 1000001, 1063.5754351615906
36, 1000001, 1059.1483035087585
37, 1000001, 1036.9473469257355
38, 1000001, 504.3155093193054
39, 1000001, 520.1506316661835
40, 1000001, 898.7641379833221