3, 123, 0.0011210441589355469
4, 1635, 0.0323030948638916
5, 35043, 9.515193462371826
6, 1000001, 5792.038685560226
7, 1000001, 716.9115426540375
8, 1000001, 594.1065847873688
9, 1000001, 715.1727786064148
10, 1000001, 1261.9206824302673
11, 1000001, 664.9373540878296
12, 1000001, 532.2230870723724
13, 1000001, 554.9456920623779
14, 1000001, 447.24288392066956
15, 1000001, 316.8115758895874
16, 1000001, 455.6124806404114
17, 1000001, 356.26388335227966
18, 1000001, 254.94932532310486
19, 1000001, 212.01689791679382
20, 1000001, 204.28035187721252
21, 1000001, 172.0219349861145
22, 1000001, 372.89660263061523
23, 1000001, 378.3036012649536
24, 1000001, 357.07890796661377
25, 1000001, 369.7502861022949
26, 1000001, 366.52174186706543
27, 1000001, 303.5635635852814
28, 1000001, 295.8858551979065
29, 1000001, 231.16251039505005
30, 1000001, 217.1945915222168
31, 1000001, 351.0551881790161
32, 1000001, 425.00816798210144
33, 1000001, 432.38541436195374
34, 1000001, 429.9020872116089
35, 1000001, 453.62821531295776
36, 1000001, 442.74686551094055
37, 1000001, 357.1278898715973
38, 1000001, 468.1632719039917
39, 1000001, 487.1750707626343
40, 1000001, 414.80124378204346