1.0 ,  10000 ,  0.33891892433166504 ,  0.33891940116882324
2.0 ,  20000 ,  0.8815367221832275 ,  0.5425808429718018
3.0 ,  30000 ,  1.7220642566680908 ,  0.8404984474182129
4.0 ,  40000 ,  2.8856427669525146 ,  1.1635463237762451
5.0 ,  50000 ,  4.255589962005615 ,  1.3699126243591309
6.0 ,  60000 ,  6.0546791553497314 ,  1.7990541458129883
7.0 ,  70000 ,  7.81699800491333 ,  1.7622838020324707
8.0 ,  80000 ,  10.032986640930176 ,  2.215951919555664
9.0 ,  90000 ,  11.919838190078735 ,  1.8868138790130615
10.0 ,  100000 ,  14.122082710266113 ,  2.202207565307617
11.0 ,  110000 ,  16.686660051345825 ,  2.564539909362793
12.0 ,  120000 ,  19.783398866653442 ,  3.0967013835906982
13.0 ,  130000 ,  23.77545428276062 ,  3.992018461227417
14.0 ,  140000 ,  27.66913890838623 ,  3.893644094467163
15.0 ,  150000 ,  32.05665135383606 ,  4.3874735832214355
16.0 ,  160000 ,  35.93531894683838 ,  3.878629207611084
17.0 ,  170000 ,  40.56817603111267 ,  4.632819175720215
18.0 ,  180000 ,  46.284064054489136 ,  5.715850591659546
19.0 ,  190000 ,  54.470579624176025 ,  8.186476945877075
20.0 ,  200000 ,  60.495673179626465 ,  6.025052785873413
21.0 ,  210000 ,  67.79176688194275 ,  7.296055316925049
22.0 ,  220000 ,  78.87369275093079 ,  11.081887006759644
23.0 ,  230000 ,  87.99358534812927 ,  9.119849681854248
24.0 ,  240000 ,  98.81202745437622 ,  10.818401575088501
25.0 ,  250000 ,  110.92628741264343 ,  12.114219188690186
26.0 ,  260000 ,  119.92122864723206 ,  8.994903326034546
27.0 ,  270000 ,  132.75611996650696 ,  12.834853887557983
28.0 ,  280000 ,  141.75592684745789 ,  8.999767303466797
29.0 ,  290000 ,  150.7669506072998 ,  9.010980367660522
30.0 ,  300000 ,  163.29666090011597 ,  12.529670715332031
31.0 ,  310000 ,  174.13153910636902 ,  10.834836959838867
32.0 ,  320000 ,  187.4512779712677 ,  13.319697141647339
33.0 ,  330000 ,  203.9429223537445 ,  16.49160408973694
34.0 ,  340000 ,  219.72163105010986 ,  15.778668403625488
35.0 ,  350000 ,  234.83266472816467 ,  15.110972881317139
36.0 ,  360000 ,  246.20842576026917 ,  11.375721454620361
37.0 ,  370000 ,  261.170964717865 ,  14.962499618530273
38.0 ,  380000 ,  275.0633704662323 ,  13.892362833023071
39.0 ,  390000 ,  293.2485251426697 ,  18.185115814208984
40.0 ,  400000 ,  312.12559723854065 ,  18.877027988433838
41.0 ,  410000 ,  338.61462020874023 ,  26.488980054855347
42.0 ,  420000 ,  362.719336271286 ,  24.104673147201538
43.0 ,  430000 ,  381.124657869339 ,  18.405280590057373
44.0 ,  440000 ,  400.04345178604126 ,  18.918752908706665
45.0 ,  450000 ,  425.898108959198 ,  25.854615449905396
46.0 ,  460000 ,  457.6199724674225 ,  31.721822500228882
47.0 ,  470000 ,  479.49869680404663 ,  21.878684997558594
48.0 ,  480000 ,  506.8021590709686 ,  27.303419828414917
49.0 ,  490000 ,  540.1322464942932 ,  33.330044984817505
50.0 ,  500000 ,  578.1753520965576 ,  38.04306364059448
51.0 ,  510000 ,  605.2696025371552 ,  27.094207048416138
52.0 ,  520000 ,  637.0091302394867 ,  31.739487648010254
53.0 ,  530000 ,  674.0625665187836 ,  37.05339169502258
54.0 ,  540000 ,  715.9259631633759 ,  41.86335301399231
55.0 ,  550000 ,  765.4523913860321 ,  49.52638649940491
56.0 ,  560000 ,  806.8617684841156 ,  41.40933299064636
57.0 ,  570000 ,  851.886679649353 ,  45.024866342544556
58.0 ,  580000 ,  891.2491888999939 ,  39.362462282180786
59.0 ,  590000 ,  923.4548780918121 ,  32.20564532279968
60.0 ,  600000 ,  960.86017537117 ,  37.40525770187378
61.0 ,  610000 ,  997.3311042785645 ,  36.47088551521301
62.0 ,  620000 ,  1027.7511050701141 ,  30.419959783554077
63.0 ,  630000 ,  1059.5936737060547 ,  31.842523336410522
64.0 ,  640000 ,  1107.113798379898 ,  47.52008032798767
65.0 ,  650000 ,  1140.126538515091 ,  33.01269602775574
66.0 ,  660000 ,  1190.9445896148682 ,  50.81801104545593
67.0 ,  670000 ,  1244.3040580749512 ,  53.35942721366882
68.0 ,  680000 ,  1290.705483675003 ,  46.40138101577759
69.0 ,  690000 ,  1356.934571504593 ,  66.22904348373413
70.0 ,  700000 ,  1414.768640756607 ,  57.834022760391235
71.0 ,  710000 ,  1463.3270664215088 ,  48.55837917327881
72.0 ,  720000 ,  1520.1910457611084 ,  56.8639280796051
73.0 ,  730000 ,  1580.9498972892761 ,  60.75880694389343
74.0 ,  740000 ,  1622.2402036190033 ,  41.29026126861572
75.0 ,  750000 ,  1663.9941654205322 ,  41.75391745567322
76.0 ,  760000 ,  1737.6470613479614 ,  73.65285134315491
77.0 ,  770000 ,  1782.6668510437012 ,  45.019744634628296
78.0 ,  780000 ,  1823.2462227344513 ,  40.579325914382935
79.0 ,  790000 ,  1866.6846723556519 ,  43.43840527534485
80.0 ,  800000 ,  1928.5208814144135 ,  61.836164474487305
81.0 ,  810000 ,  1974.3741099834442 ,  45.85318160057068
82.0 ,  820000 ,  2015.1609857082367 ,  40.786832094192505
83.0 ,  830000 ,  2056.4095256328583 ,  41.248496532440186
84.0 ,  840000 ,  2109.788855791092 ,  53.37928533554077
85.0 ,  850000 ,  2152.7702169418335 ,  42.98131489753723
86.0 ,  860000 ,  2211.563060283661 ,  58.792797565460205
87.0 ,  870000 ,  2286.22705578804 ,  74.66395211219788
88.0 ,  880000 ,  2367.07120013237 ,  80.8440957069397
89.0 ,  890000 ,  2456.4944598674774 ,  89.42321443557739
90.0 ,  900000 ,  2543.6391592025757 ,  87.14465403556824
91.0 ,  910000 ,  2616.7519693374634 ,  73.11276626586914
92.0 ,  920000 ,  2695.2971291542053 ,  78.54511618614197
93.0 ,  930000 ,  2767.8782908916473 ,  72.58111715316772
94.0 ,  940000 ,  2857.1592361927032 ,  89.28089761734009
95.0 ,  950000 ,  2933.9585843086243 ,  76.79930281639099
96.0 ,  960000 ,  3017.3030478954315 ,  83.3444197177887
97.0 ,  970000 ,  3117.841739177704 ,  100.53864479064941
98.0 ,  980000 ,  3178.582149028778 ,  60.74036455154419
99.0 ,  990000 ,  3235.705754518509 ,  57.123560428619385
100.0 ,  1000000 ,  3333.4289960861206 ,  97.72318124771118
