nohup: ignoring input
3 8 0.00011992454528808594
4 88 0.0006825923919677734
5 1616 0.02999258041381836
6 56448 17.133636474609375
7 1000001 1315.1580266952515
8 1000001 2892.4110157489777
9 1000001 4145.173528909683
10 1000001 3650.7486701011658
11 1000001 2398.1410479545593
12 1000001 3097.1283469200134
13 1000001 2909.9792630672455
14 1000001 1744.0432395935059
15 1000001 1243.3588829040527
16 1000001 1616.8491370677948
17 1000001 1475.710994720459
18 1000001 996.6928367614746
19 1000001 1014.514377117157
20 1000001 1290.5667538642883
21 1000001 1241.1980361938477
22 1000001 750.272698879242
23 1000001 723.9814705848694
24 1000001 1180.2881259918213
25 1000001 1148.871211051941
26 1000001 1223.5562853813171
27 1000001 1266.212272644043
28 1000001 741.5959162712097
29 1000001 762.5345017910004
30 1000001 653.9051294326782
31 1000001 796.7233395576477